0.19911290600797507
0.19673965498984983
0.19367354917267082
0.18985062577993603
0.18590467198988928
0.18245985696222747
0.1793559588026387
0.17683938978085895
0.17451052263426006
0.17162961653637634
0.168172956128744
0.16455914430825277
0.16108325048338443
0.15766318440722524
0.15415476402027378
0.14995746112580938
0.14561353249040232
0.14127356897092788
0.13668541418784008
0.1322504631770507
0.12819435784996583
0.12441802128586021
0.12094512230619185
0.11742665542771372
0.11348400391306075
0.10902596019355908
0.10442902510243555
0.10007464715890681
0.0960092770247334
0.09198218504510691
0.08829213851912376
0.0851776533362825
0.08255897138577395
0.07994350869843822
0.07720899694424237
0.07401696453052464
0.07008890374685563
0.06571340195968357
0.06150160880490288
0.05748142285961144
0.05385372655512541
0.050634118877695
0.04760999825030754
0.04486423875518643
0.04229252680412466
0.0397422360801106
0.036720410282207995
0.03327800876653034
0.02956861384400749
0.02566193619334592
0.021559680793177428
0.017258267671216264
0.012820889339999603
0.008104315668697008
0.003400903659255603
-0.0008684745560546224
-0.004629008575393839
-0.007883382416569697
-0.011038063558933687
-0.014376915267616624
-0.01783224516097429
-0.021174602578314022
-0.024503851507789182
-0.028108277145967538
-0.03176029056202349
-0.035636967831645126
-0.03937072760571192
-0.04298371559419307
-0.0468600919585985
-0.05087757784272886
-0.054838570990505923
-0.05817534401935864
-0.06072741575419301
-0.06315271794140252
-0.06604412815083432
-0.06953346271533092
-0.07356677772413321
-0.07782071642906205
-0.08234104632440307
-0.08683827120530224
-0.09091475321797463
-0.0946446213091909
-0.09784751130634978
-0.10060339147074594
-0.10305719763509559
-0.10558259944172636
-0.10794681709136833
-0.11022187551191104
-0.11290442037624154
-0.115786877003206
-0.11894288494940775
-0.12234849934007962
-0.12601953662613888
-0.12985874142063022
-0.13353429118049026
-0.1368608242064383
-0.13906534741468524
-0.14018059524347806
-0.1407278264952143
-0.14100826270674507
-0.1417129870362259
-0.14332422669109876
-0.1461335690670971
-0.149759391459259
-0.15336838487802495
-0.15662213097357866
-0.1587023872011436
-0.15926630641929587
-0.15923243024748784
-0.15947936907304577
-0.16066956266054158
-0.16239150733736743
-0.16367245325735502
-0.16416121835027556
-0.16407645351665223
-0.16354358180199347
-0.16228204979610197
-0.16088046778331527
-0.16027831711508003
-0.1603424156357651
-0.1607628980049544
-0.16154284190809318
-0.16185553519587212
-0.1615262561435565
-0.16074260129718612
-0.1598966061897587
-0.1589039868136482
-0.1578019026493897
-0.15671949893284512
-0.155669616597696
-0.15449877247155955
-0.15260231898141208
-0.1506643672325019
-0.1492195976121485
-0.14835819102142223
-0.1477545437434675
-0.14699406754439215
-0.14573801693950067
-0.14385949318380617
-0.14092688878601045
-0.13732368096826683
-0.1334344523091983
-0.12930915976141238
-0.12562134700173508
-0.12269223680606949
-0.11984860584149644
-0.11684168314969098
-0.11333130895336091
-0.10905494330601509
-0.10420543322455714
-0.09951629305121783
-0.0952319751885412
-0.09063689497405256
-0.08504137287866068
-0.0791773120512679
-0.07359178149444139
-0.06885082835635967
-0.06553743592507268
-0.06323391295850712
-0.061124235617622924
-0.0585504979940512
-0.055172125557117035
-0.05079914301631612
-0.044455152835416636
-0.03617725159794804
-0.026921626442462765
-0.01687665980475867
-0.006872970004387674
0.002113768300432123
0.01017635912697766
0.0180631373611136
0.025852741529009272
0.03316713742974553
0.03995464850497621
0.04691711144362812
0.05498333439219307
0.06568404944884515
0.07989463799771376
0.09704031525912508
0.11570998687947485
0.13395007804954204
0.15023852387559072
0.1639368547081411
0.17478820933113934
0.18347600682082332
0.19118961870956164
0.20008526208308663
0.2133801339280311
0.23170885152591011
0.25343762704783995
0.27693492278840554
0.30012810371804005
0.32137938478664607
0.33953676443282194
0.35407450374826943
0.3654811508323961
0.3743156504201818
0.3817544799090356
0.38990778099855705
0.4016731104309012
0.41987160502781096
0.42152375363356276
0.42821734634123987
0.4358685646674811
0.43889894650063754
0.4325062521042412
0.4166862350074353
0.39512224056088835
0.3735293247824692
0.3577195982374424
0.3511955877155156
0.3543014326102978
0.36422903526674083
0.37549816848097245
0.3816717928317638
0.37844049709228633
0.3648348703704452
0.34415360646370324
0.32217858499159385
0.30550183848299317
0.2985854602931242
0.3026666465208553
0.315563332501658
0.33125210882055506
0.34111556110530733
0.33771281531758085
0.3173539535888431
0.28357016274996955
0.2478554120918831
0.22472175212659032
0.22776356053005611
0.2656202262458108
0.33633684538894776
0.4286471137111805
0.5234515508505592
0.5914586719090396
0.5874697225977311
0.5127389837780232
0.4131044492505579
0.31735738861112306
0.243529162054852
0.20126118994807907
0.1911757018648435
0.20450491205472462
0.22841080258237353
0.25069674848142465
0.2616243881593352
0.2576830279984787
0.24183344682709146
0.22083285616502943
0.2028489206953014
0.19328699045676476
0.19338022725379714
0.20091983115001483
0.21172165071319174
0.22109125605819616
0.2242209679231289
0.2181780792609661
0.20371038999135493
0.18498943608419763
0.16802640608993638
0.15742744739670472
0.15502469109451103
0.1597393768186297
0.16926175191530735
0.17927163721539038
0.1850683841012902
0.18364802752947704
0.17498352733973327
0.1618605956523155
0.14879288210022745
0.1400001481029265
0.1368291125288727
0.138632811460177
0.14381893197560475
0.1500923729079489
0.15538979111085408
0.15830026486138013
0.15773632113479533
0.15415435994915627
0.1490303820369542
0.14372526407681735
0.1385064019450927
0.13384573705384856
0.13112894585791884
0.13153314958273948
0.13413643226545952
0.1369219076648957
0.1390989304222899
0.14086392755196855
0.1414652599555784
0.1406469300559622
0.1383546788534637
0.1348028566172694
0.13086260143678438
0.12809047385814473
0.12711343131391278
0.12739877407654235
0.12849940068103125
0.13006531272338356
0.13167293808131772
0.13283609562844204
0.13367410949220074
0.13395433771006576
0.1335732623103171
0.13323755817773697
0.1333397453833936
0.1336192275383513
0.13364120279613748
0.13426969791002868
0.13553920715617299
0.13674452555882352
0.137599388227631
0.13846423716416992
0.13967172992742077
0.14062719447522276
0.14063532223325798
0.1395042701576067
0.13810124686914022
0.13777948303923612
0.13871906384983954
0.14028033895034184
0.14128552166035743
0.14169904638811537
0.14205058082624744
0.14254895282861896
0.14324839947394002
0.14401069401385705
0.14486282184757762
0.14578180654551964
0.14724350588846574
0.14895587741575167
0.15063623437837695
0.15259198465590448
0.15524824778671406
0.15818611425065235
0.1611772601304206
0.16412691131538484
0.16685695270442133
0.1693090758901402
0.17124233351627416
0.17286585894665057
0.17433278247051293
0.17588628767217146
0.17706784656227248
0.17783812298860277
0.17874287950789214
0.1799002630465707
0.18130483702005218
0.18323526570407944
0.18584957352558665
0.18948276464292202
0.1938149518490988
0.19801735259334843
0.201447813481819
0.2031549349131743
0.20363757911387878
0.20389309271985817
0.2044005167711459
0.2055030291591844
0.20733173156700294
0.2101857459155679
0.2133553007715129
0.21595798363780858
0.21800995534123416
0.2197781959523565
0.22238176517789016
0.22616642766076026
0.2303915603923992
0.23434335339414125
0.23712509937109497
0.238564696812594
0.23888922990722428
0.23847816589673812
0.23810722573511064
0.23814245504556578
0.23911216414995864
0.24168952342564234
0.24508646671075723
0.24864898305397218
0.25155831260772105
0.25353035293978254
0.2550518190267211
0.2563739094907274
0.25789126990376793
0.2596103038283702
0.26156604520062743
0.2634043420834594
0.26547137467981824
0.2674369296516328
0.26880651113518045
0.26942130820998034
0.269932628613987
0.2705388895893978
0.27132671503283035
0.2721151560354129
0.272849070512722
0.2734396316762258
0.2737459753817414
0.2741592637322861
